ccle_gcsi_combined_dataset_mae=[0.12205601841309921, 0.09845937803436793, 0.10998469457963303, 0.10398384654292006, 0.1009867427174397, 0.10001490743558944, 0.11621340085582202, 0.10615328975176395, 0.11480542452629128, 0.09993066557946077]
ccle_gcsi_combined_dataset_mse=[0.04702262326660747, 0.018819639148461416, 0.03579792020914469, 0.023917384581359037, 0.021592006013400975, 0.020327853269939675, 0.026184344821195814, 0.02416542656128086, 0.03729213685231483, 0.01800351060913754]
ccle_gcsi_combined_dataset_r2=[0.10934072909333492, 0.6068371610011302, 0.35198564341877314, 0.5061045272088669, 0.5974422187304137, 0.6603432160020675, 0.4804344955762829, 0.4892786042285474, 0.2905345652377068, 0.6121670932181025]
