ccle_gcsi_our_method_mae=[0.07933910011710037, 0.07958210410654556, 0.08363330785948662, 0.07824838956114066, 0.0797758162549784, 0.08180604005635321, 0.07969080051850051, 0.08427599910945043, 0.08194064487855335, 0.0838422301666113]
ccle_gcsi_our_method_mse=[0.012828772475444948, 0.013222313521340448, 0.01457172624981633, 0.01284647331282131, 0.012694945156693099, 0.012584716029477328, 0.01303453735575696, 0.014097640644803637, 0.012366885883943008, 0.013827361970129412]
ccle_gcsi_our_method_r2=[0.5269182008431341, 0.5466087727732667, 0.5814175492363378, 0.5297488642360575, 0.5806479475434799, 0.5532005107651541, 0.5794525862161153, 0.5271093528151256, 0.5645013855033995, 0.5732497716655405]
