ccle_gcsi_our_method_mae=[0.07933902561481629, 0.07958216743841608, 0.08363339859590119, 0.07824842354388004, 0.07977583553794593, 0.0818061506521557, 0.07969083806670546, 0.08427608593027408, 0.08194066972451011, 0.08384216812012123]
ccle_gcsi_our_method_mse=[0.012828774546227332, 0.013222320750262044, 0.014571763173578084, 0.012846511210314939, 0.012694964766257696, 0.012584736429756988, 0.013034550907910631, 0.014097674510820227, 0.012366889394775574, 0.013827370469744946]
ccle_gcsi_our_method_r2=[0.5269181244796739, 0.5466085248945858, 0.5814164885769196, 0.5297474769806615, 0.5806472997808421, 0.5531997864870289, 0.5794521489682849, 0.5271082168149319, 0.5645012618697918, 0.5732495093441463]
