ccle_gcsi_our_method_mae=[0.07696864652243968, 0.0819607522573656, 0.0830884877556799, 0.08416820954695702, 0.07960986680112435, 0.07916196584022352, 0.07813235123792887, 0.08212699259527635, 0.08145427727517085, 0.08701066703796184]
ccle_gcsi_our_method_mse=[0.01197702924652632, 0.013206653493419233, 0.014716037074876405, 0.014535267414268596, 0.013062889351087816, 0.011799176020215057, 0.011911898171115628, 0.013165798771264083, 0.012258018722361801, 0.014899881318776948]
ccle_gcsi_our_method_r2=[0.6953325877187695, 0.6484796755772784, 0.6330830455885853, 0.6613810995211491, 0.6812270249033241, 0.7080882775529307, 0.684024255572125, 0.6565648395099954, 0.6985479422866971, 0.6654764290515828]
