ccle_gcsi_our_method_mae=[0.0769679112448367, 0.0819601955333879, 0.08308814784683462, 0.08416734998057533, 0.07961021539600677, 0.07916104117765865, 0.07813163895660331, 0.0821260039499494, 0.08145327867657144, 0.08700967840710686]
ccle_gcsi_our_method_mse=[0.011976861766542307, 0.013206457594583667, 0.014715980108069168, 0.014534998876205261, 0.013062779154011531, 0.011798962437623173, 0.011911728354088264, 0.013165626423051871, 0.012257721527319333, 0.014899620231291804]
ccle_gcsi_our_method_r2=[0.6953368480150657, 0.6484848897992057, 0.6330844659497401, 0.6613873554819892, 0.6812297140365557, 0.7080935615882035, 0.6840287601490502, 0.6565693352824851, 0.6985552509765534, 0.6654822908377267]
