ccle_gcsi_our_method_mae=[0.07933772672194798, 0.07958035132238798, 0.08363267532602037, 0.07824747958767127, 0.07977492920603123, 0.08180560961766273, 0.0796903429072654, 0.0842752332043594, 0.08193922459696049, 0.08384132020761328]
ccle_gcsi_our_method_mse=[0.012828517915111927, 0.013221969081051199, 0.014571602539868113, 0.012846331158355016, 0.012694820302830456, 0.012584546998986798, 0.013034447570468082, 0.014097435781758207, 0.012366518402474673, 0.013827165957381255]
ccle_gcsi_our_method_r2=[0.5269275881684273, 0.5466205835812011, 0.5814211028862226, 0.5297540678664703, 0.5806520718404273, 0.5532065119126299, 0.5794554830562564, 0.5271162247322484, 0.5645143263255122, 0.5732558211553284]
