ccle_gcsi_our_method_mae=[0.08076638681943651, 0.08009623633548871, 0.08253400481769986, 0.08172976830797524, 0.08208964210266832, 0.08302400780745807, 0.08185721795653601, 0.08246301752944558, 0.0812317267071844, 0.08361645014185363]
ccle_gcsi_our_method_mse=[0.012811490714307195, 0.012339218117677901, 0.013617808627588835, 0.013270246688286639, 0.01328609318245064, 0.013332813689117996, 0.012994885261529343, 0.012914583266129405, 0.012565018063241867, 0.013361535922447194]
ccle_gcsi_our_method_r2=[0.6556929489981282, 0.6527567375027049, 0.6325334170526457, 0.645928931175789, 0.6673913324246785, 0.6651352012105638, 0.6413924179453586, 0.667969445002417, 0.6721487806461822, 0.6587223627067833]
