ccle_gdsc_our_method_mae_rf=[0.09254496144379804, 0.09235864536787654, 0.09146280108988285, 0.08995741082243752, 0.09005058345741583, 0.09170957498122545, 0.09873630847367071, 0.08886959922221338, 0.09189425196391522, 0.09302568333729831]
ccle_gdsc_our_method_mse_rf=[0.01764200821836687, 0.017117154975938034, 0.01675095400956167, 0.015328828902860976, 0.01595248760156496, 0.016820733339645698, 0.02054953253956797, 0.015642081686422327, 0.01645134078687751, 0.016730145389320418]
ccle_gdsc_our_method_r2_rf=[0.5148280657605586, 0.4785737894244231, 0.4994036769677157, 0.4703326547684502, 0.49774900451293436, 0.4693913232378629, 0.4816533438267647, 0.551224468031497, 0.4801095609724725, 0.4889552768013755]
