ccle_gcsi_our_method_mae_rf=[0.08618977710875342, 0.07661970903663616, 0.08005678537512055, 0.08069825124782602, 0.08739808098162671, 0.07877984248825101, 0.07976632945602367, 0.08553764167659418, 0.08186563667616899, 0.08189334137426695]
ccle_gcsi_our_method_mse_rf=[0.016000436288826223, 0.012288859697002278, 0.013858766602493537, 0.013345125563006217, 0.015597340882261732, 0.012787833415074746, 0.012469915848172605, 0.014822157565042316, 0.013886843770981145, 0.012312922332164713]
ccle_gcsi_our_method_r2_rf=[0.6969344556045933, 0.7432722844249007, 0.7491284501877262, 0.7244223306700924, 0.7092057618281613, 0.7863289195180974, 0.7525644364210899, 0.6867428356471946, 0.7358093023075554, 0.7347541508576951]
