gdsc_gcsi_our_method_mae_rf=[0.08926223396724142, 0.09017880210685031, 0.07919247579551153, 0.08272057739890634, 0.08653573404777946, 0.08092202725801244, 0.0847823730556527, 0.08608143879495453, 0.08764086947495901, 0.08014624787022381]
gdsc_gcsi_our_method_mse_rf=[0.014434031925722575, 0.014564010439436672, 0.010454045696810986, 0.011224194440598537, 0.013969763096055384, 0.010622853743316656, 0.012995140794013151, 0.013639391281361997, 0.013196226093522162, 0.011808713600239404]
gdsc_gcsi_our_method_r2_rf=[0.4308652838093603, 0.5073521973456758, 0.45606663632756317, 0.49593228419652824, 0.4898484069123741, 0.5264808320724349, 0.46592463591094835, 0.48780475962702086, 0.45650489950347484, 0.5218728243800501]
