ccle_gcsi_our_method_mae_nn=[0.08668495, 0.07448171, 0.087835446, 0.0762009, 0.07681237, 0.08894648, 0.08475392, 0.08796197, 0.085450694, 0.07325786]
ccle_gcsi_our_method_mse_nn=[0.012352188, 0.009573745, 0.01292028, 0.010975373, 0.009203362, 0.013223186, 0.0112638995, 0.012604951, 0.012124654, 0.009098265]
ccle_gcsi_our_method_r2_nn=[0.7576249212582831, 0.7286321925509168, 0.7348532229339667, 0.7583233564474282, 0.7479500951275397, 0.7327044453127662, 0.7177470012805696, 0.7346375545850112, 0.7448026182301518, 0.7566546167072686]
