ccle_gdsc_our_method_mae_nn=[0.06523813, 0.06446937, 0.06212968, 0.061930284, 0.06522192, 0.061260942, 0.063307256, 0.0634574, 0.06325646, 0.06310654]
ccle_gdsc_our_method_mse_nn=[0.008771041, 0.008438582, 0.008025407, 0.007619544, 0.008741573, 0.008232997, 0.008691972, 0.008313313, 0.0075689205, 0.008020143]
ccle_gdsc_our_method_r2_nn=[0.6983654044581902, 0.6908483575245653, 0.7036964660635886, 0.6903147836345611, 0.6870100824702885, 0.686287356983361, 0.7047790693779233, 0.7063313181578872, 0.6927869474366881, 0.690534098759267]
