gdsc_gcsi_our_method_mae_nn=[0.0513365, 0.057317026, 0.053249404, 0.050084595, 0.050829295, 0.053955108, 0.05450533, 0.051226508, 0.053906966, 0.049653683]
gdsc_gcsi_our_method_mse_nn=[0.004330282, 0.005703161, 0.004731325, 0.00432817, 0.004595495, 0.00510252, 0.005615689, 0.004576587, 0.005179622, 0.0042438875]
gdsc_gcsi_our_method_r2_nn=[0.7490799520319527, 0.7298672098169618, 0.7349367033395344, 0.7383115495304229, 0.7437843090463165, 0.7440708888867433, 0.7566358222924497, 0.7554180703961233, 0.7534279284065293, 0.7473555253291702]
