ccle_gcsi_model_average_mae=[0.09737590298552071, 0.09083195712934197, 0.09275084588754884, 0.09209921757847576, 0.0951711683612694, 0.09138633089916162, 0.10013981567853861, 0.09337482792198903, 0.09322135474012977, 0.09144692946062731]
ccle_gcsi_model_average_mse=[0.01928667786909177, 0.01631427791873159, 0.018204328736642565, 0.015690275620773977, 0.018082390265749624, 0.017123473108448962, 0.019384436556195216, 0.01725489498782842, 0.016878552278446278, 0.01493123375641444]
ccle_gcsi_model_average_r2=[0.6346894908073828, 0.6591768964247399, 0.6704650352772429, 0.6759948367437667, 0.6628749130158111, 0.7138849966271861, 0.6153623615154808, 0.6353284296585378, 0.6788934493668557, 0.6783502998214629]
