ccle_gcsi_our_method_mae=[0.10348528176255219, 0.09223059358160807, 0.0935885495331036, 0.09404098776569114, 0.09278845291418235, 0.09273817991008082, 0.10231546838036956, 0.09253320682358902, 0.09864694455436673, 0.0956248566608895]
ccle_gcsi_our_method_mse=[0.020189009462091827, 0.016172554839090213, 0.01739268913330956, 0.015680570047864245, 0.016098993139667155, 0.01664241980096826, 0.019613947440636013, 0.016262537021126646, 0.017617181313562203, 0.015613401809037817]
ccle_gcsi_our_method_r2=[0.6175983558832239, 0.6621376465169126, 0.6851573445582531, 0.6761952574254118, 0.6998530402892422, 0.7219228851922361, 0.6108082686306098, 0.6563013036350684, 0.6648413779717018, 0.6636549870846019]
