ccle_gcsi_selected_best_mae=[0.10928136073773466, 0.10130548327269435, 0.10221525058501844, 0.09900379227234063, 0.10746235280316813, 0.10072429503401853, 0.10863568898814877, 0.11250720538795184, 0.10349246827587566, 0.10194847152930077]
ccle_gcsi_selected_best_mse=[0.026039249074229324, 0.02101482832174609, 0.022455848132355793, 0.019797464596605224, 0.02484781971143656, 0.020984418341653523, 0.02662463091090267, 0.02659773717185278, 0.021071808988924686, 0.020017131298806116]
ccle_gcsi_selected_best_r2=[0.506788499146118, 0.5609772589753921, 0.5935039830817601, 0.5911811300376533, 0.5367413677907242, 0.6493727127333591, 0.4716980744112167, 0.43787321865296747, 0.599118704708189, 0.5687895330197061]
