ccle_gcsi_weighted_average_mae=[0.0996263381641745, 0.09124419569241721, 0.09634218087168575, 0.09337280969813001, 0.0934252864394043, 0.09128474582785603, 0.10352050928025314, 0.09447445293520947, 0.09761111543812721, 0.09166141321525773]
ccle_gcsi_weighted_average_mse=[0.020329276164634966, 0.01631940700771646, 0.0191685688260614, 0.015790088668696356, 0.017640893368458196, 0.016775047308356553, 0.0204900889451219, 0.017630085421470643, 0.017776697072806397, 0.015123780172762481]
ccle_gcsi_weighted_average_r2=[0.6149415530436368, 0.6590697441477562, 0.6530103502708511, 0.6739336911228209, 0.6711061079914302, 0.7197068207593142, 0.5934233424148401, 0.627399011095868, 0.6618066653744645, 0.6742024512177135]
