ccle_gdsc_our_method_mae=[0.0729758032925474, 0.06939404887962439, 0.07224237785366022, 0.07820106591394672, 0.07492283196585811, 0.07395898094166281, 0.07701386169484643, 0.07602203380398424, 0.07352933833851305, 0.07299052665728324]
ccle_gdsc_our_method_mse=[0.011206060229378874, 0.009669940700057389, 0.010198122052884277, 0.01339468146469662, 0.011562437513367219, 0.010932584068239652, 0.012336307780947282, 0.012349720361393665, 0.011309805401882535, 0.01075202610468852]
ccle_gdsc_our_method_r2=[0.4682397351117774, 0.4627358088400614, 0.43677766732117473, 0.4608536962667307, 0.46184376069914357, 0.4628754086463833, 0.47199032634303173, 0.4743000998073368, 0.4750786188246764, 0.4620585764184917]
