ccle_gdsc_our_method_mae=[0.08090746300460695, 0.08060485628578157, 0.07950211238375719, 0.08073234123020635, 0.07808079214266068, 0.07864078141144736, 0.07865939169688146, 0.08404082855025095, 0.08154505413122334, 0.07944970927543742]
ccle_gdsc_our_method_mse=[0.013085127369008742, 0.013377572634009606, 0.012806477687019223, 0.013040775334726851, 0.012398730486981127, 0.012503742080294032, 0.012259565599229617, 0.013705928129214619, 0.013333210388482616, 0.012866974451806823]
ccle_gdsc_our_method_r2=[0.5290833736200247, 0.548588704562766, 0.5365069667156808, 0.5163238329568394, 0.5255582805125376, 0.5409428694264325, 0.5348027810263716, 0.5143758439017809, 0.5332975305711289, 0.5418633571064368]
