ccle_gdsc_our_method_mae=[0.07918002280656679, 0.0803259325589461, 0.07983855522910223, 0.07544087265484586, 0.08116049111350712, 0.07907399213508085, 0.0789474147051192, 0.08026865325903015, 0.07889980445737951, 0.07900479980205453]
ccle_gdsc_our_method_mse=[0.012385303796171218, 0.013656004496157004, 0.013428974124292593, 0.011291299017529982, 0.013959738603671423, 0.01287145565475681, 0.012640184822159773, 0.013449747296345781, 0.01282669449884826, 0.013124965979100704]
ccle_gdsc_our_method_r2=[0.5541795724223796, 0.5258517715352403, 0.5443970539481663, 0.5448554684216951, 0.5501989540222192, 0.5532390065034134, 0.5446429400380501, 0.5540200718833843, 0.5170900127082525, 0.558730415348756]
