ccle_gdsc_our_method_mae=[0.07918005180812888, 0.08032593780377154, 0.07983856060008306, 0.07544090103236527, 0.08116040468781151, 0.07907408337173935, 0.0789475451837131, 0.08026866993913477, 0.07889982355163884, 0.07900475107677546]
ccle_gdsc_our_method_mse=[0.01238530668240299, 0.013656002509916842, 0.01342897332609547, 0.011291300915704452, 0.013959721574992682, 0.012871468639122202, 0.012640225458249877, 0.013449747441441479, 0.012826694898371056, 0.013124946095072584]
ccle_gdsc_our_method_r2=[0.5541794685298063, 0.5258518404992081, 0.5443970810284895, 0.544855391907582, 0.5501995027085325, 0.5532385558233863, 0.5446414761409015, 0.5540200670721587, 0.5170899976666883, 0.5587310838622472]
