ccle_gdsc_our_method_mae=[0.08090752250543877, 0.08060485961481582, 0.07950211113154725, 0.08073233821923777, 0.07808078550608118, 0.07864077993928976, 0.07865938667338293, 0.08404076380840306, 0.08154505879751646, 0.07944970854019957]
ccle_gdsc_our_method_mse=[0.013085142895802765, 0.013377574840175243, 0.012806479514459115, 0.013040776826803145, 0.012398731416712654, 0.012503743600396395, 0.012259566300187073, 0.013705904044411393, 0.013333215823315704, 0.012866974797128426]
ccle_gdsc_our_method_r2=[0.5290828148310076, 0.5485886301181626, 0.5365069005768345, 0.5163237776164379, 0.5255582449360385, 0.5409428136180334, 0.5348027544280833, 0.5143766972669914, 0.5332973403356231, 0.5418633448110461]
