ccle_gdsc_our_method_mae=[0.07297565327590258, 0.06939400938971375, 0.07224254243855759, 0.07820100793159403, 0.07492278751712494, 0.07395896997021675, 0.07701378283862333, 0.07602202159882464, 0.07352931191556743, 0.07299052531697911]
ccle_gdsc_our_method_mse=[0.011206013412447358, 0.009669937349716199, 0.010198157907274743, 0.013394676659051466, 0.011562435030368958, 0.010932588622650452, 0.012336301258093282, 0.012349723179973852, 0.01130979978544189, 0.010752026626322235]
ccle_gdsc_our_method_r2=[0.4682419567118219, 0.46273599498580986, 0.4367756871533234, 0.4608538896976704, 0.46184387626655776, 0.4628751848853746, 0.4719906055294847, 0.47429997982669914, 0.47507887950022964, 0.4620585503203051]
