ccle_gdsc_our_method_mae=[0.07918005141077443, 0.08032592922892444, 0.07983854847239319, 0.07544087157053081, 0.08116031040470228, 0.07907410393533201, 0.07894761501840324, 0.08026867107970836, 0.07889980670310884, 0.07900467403660631]
ccle_gdsc_our_method_mse=[0.012385306570139058, 0.013656000702805917, 0.013428971444745558, 0.011291295790425662, 0.013959705125040961, 0.012871471030664744, 0.01264025058198368, 0.013449747435731558, 0.0128266921328167, 0.013124921536030764]
ccle_gdsc_our_method_r2=[0.55417947257085, 0.5258519032436546, 0.5443971448567877, 0.5448555985040604, 0.5502000327475038, 0.5532384728142885, 0.5446405710695185, 0.5540200672614939, 0.5170901017865627, 0.55873190955263]
