ccle_gdsc_our_method_mae=[0.07297587822929011, 0.06939402118604664, 0.07224217822454662, 0.0782011088233088, 0.07492288943926569, 0.07395897851041376, 0.07701384837461892, 0.0760220171588619, 0.07352932145677414, 0.07299051337434366]
ccle_gdsc_our_method_mse=[0.011206087656405048, 0.00966993530464954, 0.01019807893092734, 0.013394684810753756, 0.011562443638046701, 0.010932580110953775, 0.012336306568306353, 0.012349715245627507, 0.011309803517779889, 0.010752023195895426]
ccle_gdsc_our_method_r2=[0.4682384336193345, 0.4627361086101969, 0.43678004886250665, 0.4608535615853393, 0.4618434756351617, 0.46287560307027686, 0.47199037824560675, 0.47430031757402935, 0.4750787062714297, 0.46205872195016007]
