ccle_gcsi_our_method_mae_ridge=[0.09575888916599974, 0.0894169623220406, 0.090283024712969, 0.08865641948824676, 0.09306425684891388, 0.08489963876603474, 0.09585022583638599, 0.09143204956726013, 0.09211219502259178, 0.08886173261354949]
ccle_gcsi_our_method_mse_ridge=[0.01841905855802589, 0.014857202004762303, 0.01634111915195989, 0.014144978875406684, 0.017101715413981918, 0.014652710074732258, 0.01792767105435352, 0.015735656168777836, 0.016382472123171583, 0.013822232688542914]
ccle_gcsi_our_method_r2_ridge=[0.6511231376211121, 0.6896168054184186, 0.7041928762562752, 0.7079053102346944, 0.6811584524067075, 0.7551688161682389, 0.6442683779905909, 0.6674366057012024, 0.6883311419408348, 0.7022404797488457]
