ccle_gdsc_our_method_mae_ridge=[0.08811303000178299, 0.09252995270716392, 0.09021932089143504, 0.0903177913241033, 0.08995430507704989, 0.0922276995406163, 0.09615350730138658, 0.08833880968164165, 0.09089300838060944, 0.09332153990701968]
ccle_gdsc_our_method_mse_ridge=[0.01679344773452066, 0.017495204800110135, 0.01641095454406604, 0.01568145226936438, 0.015801022831078593, 0.016778337662787975, 0.01984613230225762, 0.015697160297753785, 0.016641921541495408, 0.017022151871279353]
ccle_gdsc_our_method_r2_ridge=[0.5381642827133548, 0.4670575597995862, 0.5095644404778359, 0.4581482221815869, 0.5025177486522832, 0.47072869144551954, 0.4993960910283973, 0.5496442478539092, 0.47408688394741627, 0.4800355472788713]
