gdsc_gcsi_our_method_mae_ridge=[0.08706545407055087, 0.08880644290525962, 0.07433494395714559, 0.08088570642225983, 0.08668707561554091, 0.07983188163334322, 0.08232836125316662, 0.08360520288558185, 0.08534975292266915, 0.07828895251578143]
gdsc_gcsi_our_method_mse_ridge=[0.014230178388661238, 0.015093967513056717, 0.009437344120308236, 0.011392522779911802, 0.014627773152103247, 0.010885732421326413, 0.012604472773098688, 0.013713281397593738, 0.01311195238677907, 0.012011644557164329]
gdsc_gcsi_our_method_r2_ridge=[0.4389032406018145, 0.4894256661264268, 0.5089665302439356, 0.488372821292382, 0.46581901743365894, 0.5147628798267501, 0.481980342333457, 0.48502999020631954, 0.45997576658251316, 0.5136562811929579]
