ccle_gdsc_our_method_mae=[0.07750435859445634, 0.08128594906848796, 0.07927251851180589, 0.08487267648914337, 0.07890173545352, 0.08023367125878651, 0.08011996700306542, 0.08145452183045261, 0.08212391573436044, 0.0790247484567016]
ccle_gdsc_our_method_mse=[0.011582731071253918, 0.013397297784160713, 0.013197176740921569, 0.014524655494512009, 0.01232479610023621, 0.01325977855328778, 0.012753552782615555, 0.013261429497887793, 0.013553447589829912, 0.012940165978881592]
ccle_gdsc_our_method_r2=[0.5306771889820348, 0.5549008802058581, 0.5435264724550329, 0.5097268962365924, 0.5266132337284842, 0.5381801877119665, 0.552777989899677, 0.5289031776392095, 0.5448251185512041, 0.5461786392155537]
