ccle_gdsc_our_method_mae=[0.08090793356448173, 0.08060492364184431, 0.07950215015921881, 0.08073245559947792, 0.07808077334111573, 0.07864084271060635, 0.07865938040141392, 0.08404073356439382, 0.0815451063856903, 0.07944971393137644]
ccle_gdsc_our_method_mse=[0.013085236443442257, 0.013377586605478973, 0.012806480152752075, 0.013040787688375783, 0.012398726023820052, 0.012503747134232586, 0.012259560772593651, 0.013705864233839652, 0.01333323107385228, 0.012866972560537041]
ccle_gdsc_our_method_r2=[0.5290794481737675, 0.5485882331110865, 0.536506877475686, 0.5163233747658644, 0.5255584512969431, 0.540942683878257, 0.5348029641762239, 0.5143781078227102, 0.53329680652097, 0.5418634244462759]
