ccle_gdsc_our_method_mae=[0.0809074015543588, 0.08060484408114997, 0.07950210615643735, 0.08073232536414603, 0.07808079303546898, 0.078640769939954, 0.0786593889715657, 0.08404085303344207, 0.08154504371648628, 0.07944970445864312]
ccle_gdsc_our_method_mse=[0.013085112269674678, 0.013377569183473123, 0.012806475957940955, 0.013040772633627884, 0.012398730216786363, 0.012503739405776183, 0.012259564770518658, 0.013705939560660336, 0.013333206305764343, 0.012866972959592564]
ccle_gdsc_our_method_r2=[0.5290839170253165, 0.5485888209972781, 0.5365070292946155, 0.5163239331393179, 0.5255582908516339, 0.5409429676175566, 0.5348028124723498, 0.5143754388663739, 0.5332976734785493, 0.5418634102376554]
