ccle_gdsc_our_method_mae=[0.07227447347397993, 0.07201324261224358, 0.07121283767240684, 0.07684685222865817, 0.07191529831603252, 0.07209407499251368, 0.07762596995744873, 0.07564930861910249, 0.07320608143924845, 0.07125773142803439]
ccle_gdsc_our_method_mse=[0.010793945401473898, 0.009967354226749551, 0.009927596278089448, 0.0129812622454889, 0.010657928522998645, 0.010427139243955377, 0.012622206369045314, 0.012150933746152585, 0.010996261269909614, 0.01015250974092542]
ccle_gdsc_our_method_r2=[0.4532416665725352, 0.48255442452712416, 0.5019036718829151, 0.4572342368160087, 0.46753705533101175, 0.48275877718050597, 0.4655670256687572, 0.4855331608773916, 0.4809877253957765, 0.48294660053771943]
