ccle_gdsc_combined_dataset_mae=[0.10494072971566162, 0.1054787515513821, 0.10749936694262581, 0.1056678092178499, 0.11083690534976871, 0.1018498117429481, 0.11445204087806617, 0.11026946732105922, 0.10369137169919392, 0.10757213324705588]
ccle_gdsc_combined_dataset_mse=[0.024914191425371747, 0.023140510117438257, 0.024747929214929337, 0.02242213584551539, 0.02485106371226304, 0.02274507726133391, 0.02897883026137858, 0.025708463119569366, 0.023053044580037072, 0.02509283326480446]
ccle_gdsc_combined_dataset_r2=[0.3148361402941078, 0.2950891361161846, 0.2604169075632813, 0.22523284440217628, 0.21758463005029038, 0.2825083719718985, 0.2690305856410907, 0.26241727642989865, 0.27148445692666123, 0.23350576270143641]
