ccle_gdsc_model_average_mae=[0.09911027603367574, 0.10164072738120385, 0.10183515909515108, 0.09934906196076089, 0.10410879618882171, 0.0971320487719532, 0.10803650800890695, 0.10194752657200692, 0.10064816820132093, 0.10244442320329053]
ccle_gdsc_model_average_mse=[0.02252806765760934, 0.021476813706088192, 0.022162908583529074, 0.02002070153531529, 0.02212598892256674, 0.020389578910825292, 0.025891224901972112, 0.0219352058825539, 0.02134679713517806, 0.02219297476124862]
ccle_gdsc_model_average_r2=[0.38045680373619506, 0.3457689901303539, 0.3376693328462176, 0.30821122089082276, 0.30338137599274784, 0.35681237748947825, 0.34691313165761195, 0.3706730417265012, 0.3254047874753371, 0.3220858289099985]
