ccle_gdsc_our_method_mae=[0.08695411418941361, 0.0916581780453893, 0.08865606635422661, 0.08998799084244602, 0.09067305163596122, 0.08985990159019976, 0.09557773109709825, 0.08585861315084806, 0.08918172401334142, 0.09065094012001543]
ccle_gdsc_our_method_mse=[0.01611450313683322, 0.01722014285383788, 0.0158504652298073, 0.015590094878150707, 0.01595141989276142, 0.016247596474154448, 0.019909749376602025, 0.01505203633737609, 0.01622700916266278, 0.01685823100679735]
ccle_gdsc_our_method_r2=[0.5568359021584979, 0.47543655201645296, 0.5263144649634056, 0.4613049556266575, 0.4977826204493866, 0.48747087944158296, 0.4977913977002911, 0.5681530278429201, 0.48719882306433693, 0.4850427298744966]
