ccle_gdsc_selected_best_mae=[0.1039382026653871, 0.10643200616142531, 0.10496980268471928, 0.10185158498787161, 0.10669024281523394, 0.1024814432581326, 0.11667468772582554, 0.10652137469029975, 0.10193166645458353, 0.1055220913455225]
ccle_gdsc_selected_best_mse=[0.03647582991630795, 0.03272410118963445, 0.03347518461929496, 0.029244171311894985, 0.032420135446546504, 0.030469521301533097, 0.04201926905951029, 0.03548386562135264, 0.030741629166644878, 0.032106718085360336]
ccle_gdsc_selected_best_r2=[-0.0031198678991564144, 0.003151861288342328, -0.0003940267330742042, -0.010493540010552804, -0.020721388948523378, 0.038841407628975366, -0.059904772524745464, -0.018041651345168663, 0.028512065313436863, 0.019257246429958297]
