ccle_gdsc_weighted_average_mae=[0.10027124318932275, 0.10130038031907188, 0.10216096387508343, 0.09963949734570166, 0.10435904936729246, 0.09571961896444604, 0.1083089264918877, 0.10277726441551287, 0.09946793116836637, 0.10268519873575993]
ccle_gdsc_weighted_average_mse=[0.022854663837647553, 0.021375497601479946, 0.022028827762953, 0.020266974371129565, 0.022073371373046127, 0.02014415779351003, 0.026053654749511587, 0.02226875631365293, 0.02103690047085921, 0.02234138314827052]
ccle_gdsc_weighted_average_r2=[0.3714750994753737, 0.34885530164476275, 0.34167629064284355, 0.2997015897914733, 0.3050379964074992, 0.3645541668442389, 0.34281595970624523, 0.36110339011902204, 0.33519805083016374, 0.31755249573798816]
