ccle_gcsi_our_method_mae=[0.08230593095243355, 0.08027390673008056, 0.07820913410443696, 0.07600435779266795, 0.08741440168417046, 0.07844984906385179, 0.08225077219357374, 0.07859805520885707, 0.08110466341848173, 0.08176049987933866]
ccle_gcsi_our_method_mse=[0.012990514224294723, 0.012380666126950803, 0.01188768510602621, 0.010730653778525126, 0.01622289108388432, 0.012432875761229496, 0.012366330033794908, 0.011877302594340269, 0.013006406696730805, 0.013020351294784734]
ccle_gcsi_our_method_r2=[0.6173407274789382, 0.6409332159476455, 0.6290232148294922, 0.590565002900656, 0.5206730608246015, 0.634976862859642, 0.6327651466471773, 0.6076029934423588, 0.6558893156483727, 0.6066192528521229]
