ccle_gcsi_our_method_mae=[0.07705096416426478, 0.08065089555846615, 0.07948198082393254, 0.08372761380609058, 0.08271180100590204, 0.08224976559765912, 0.0795774015132785, 0.07933527784439265, 0.07840677771363055, 0.08432884490854775]
ccle_gcsi_our_method_mse=[0.011470047038281441, 0.013679089682166107, 0.012982971210877825, 0.014369921694188968, 0.012500173494667111, 0.013856657324969896, 0.012600790946687446, 0.011934572440385935, 0.011121466605405177, 0.013744560423968303]
ccle_gcsi_our_method_r2=[0.622805128741827, 0.5672480399509233, 0.5909643787528966, 0.5066847194096342, 0.5974152062040969, 0.5379511907868115, 0.5961056190375782, 0.6188769750563992, 0.6263096692994805, 0.5919991985889137]
