ccle_gcsi_our_method_mae=[0.08732052489357384, 0.08385777831761812, 0.09385716824341771, 0.08869079224842326, 0.08623494599059629, 0.08892167106595956, 0.09414126612539725, 0.08194464219316935, 0.0881087876430007, 0.09211792418813834]
ccle_gcsi_our_method_mse=[0.014596669667488129, 0.011914317501636894, 0.016442522563065106, 0.015410296508366181, 0.014360367895337766, 0.015062197333104344, 0.015571540756664785, 0.01231947161779492, 0.014881484651545, 0.015832779182236616]
ccle_gcsi_our_method_r2=[0.6223152422806922, 0.6614391394169336, 0.5988113685173906, 0.569076439060157, 0.6558239224839619, 0.6118520680262292, 0.6048424446875085, 0.608677186361489, 0.6464139070558085, 0.6161137938733663]
