our_method_mae=[[0.09394801632348838, 0.08472016135429714, 0.09085563844761398, 0.0868127600280551, 0.09122573394349297, 0.08486829844401333, 0.08986135652944276, 0.08990011308785248, 0.09087211184578366, 0.08834195353298296], [0.09536215471663284, 0.08803228728015616, 0.09012450226875332, 0.08624082556608703, 0.0927504921482193, 0.0883511350548225, 0.09747984379377347, 0.08993649682024223, 0.09349291347413292, 0.08924312130883744], [0.10290337226580826, 0.09120148067670768, 0.09113355628797885, 0.09147214049382821, 0.09269138553768548, 0.09149792467831974, 0.10067859930985008, 0.09282941570267203, 0.09724363568350057, 0.09638723594409195], [0.10394530254651567, 0.09220247736004637, 0.09364826411716917, 0.09460868459205833, 0.09267106211578853, 0.09269467154034013, 0.10227789979281768, 0.09267875263013166, 0.09887380413144786, 0.09559130961583118], [0.10348528176254543, 0.09223059358152694, 0.09358854953315557, 0.09404098776570624, 0.09278845291420819, 0.09273817991008106, 0.10231546838024869, 0.09253320682357986, 0.09864694455448055, 0.09562485666110553]]
our_method_mse=[[0.017923931486190425, 0.013655584436546624, 0.01669087268883227, 0.014006841743300557, 0.01670964866682902, 0.014685834420026854, 0.015779981936115735, 0.01544796120640575, 0.015930585040171724, 0.013944492364110295], [0.01823527775028402, 0.014772064287857253, 0.016409514513472955, 0.013698158826341305, 0.01684447887645861, 0.015447874693042256, 0.01813814638939003, 0.01511143942911845, 0.016828956570293138, 0.013835534896799114], [0.020048512428590022, 0.015566089434381385, 0.016986685600913112, 0.015079230608393314, 0.01657985081778253, 0.01633969743852599, 0.01898234168061387, 0.01585923446167785, 0.017714732056745976, 0.0152660978973476], [0.020229479725489333, 0.016162643350299006, 0.017401760007721888, 0.015819083209308693, 0.016082927363419337, 0.01662963299569137, 0.019603210417317107, 0.016270572917590084, 0.017776959944672207, 0.015599153343737994], [0.020189009462076597, 0.016172554839056927, 0.017392689133323473, 0.015680570047861702, 0.016098993139659852, 0.016642419800986265, 0.01961394744056835, 0.016262537021157944, 0.017617181313584265, 0.015613401809078416]]
our_method_r2=[[0.6605013791179086, 0.7147199102539445, 0.6978616337753093, 0.710757850567417, 0.6884680798561209, 0.7546153436276123, 0.6868841160463801, 0.6735168614072824, 0.6969280820162614, 0.6996067531170275], [0.6546041446100661, 0.6913954254132131, 0.7029547826484597, 0.717132171919132, 0.6859543277757021, 0.741882462050192, 0.6400919999156859, 0.6806290417517022, 0.6798369844822221, 0.7019539226319242], [0.6202595214399342, 0.6748073719239174, 0.6925068250945101, 0.6886129540909964, 0.6908880094399349, 0.7269810535441028, 0.6233409696603178, 0.6648248546494716, 0.6629855207785798, 0.6711366326665017], [0.616831805385038, 0.6623447083548744, 0.6849931434870291, 0.6733349520635654, 0.700152567958727, 0.7221365390936237, 0.6110213190993075, 0.6561314699163185, 0.6618016643603553, 0.6639619285380987], [0.6175983558835123, 0.6621376465176081, 0.6851573445580013, 0.6761952574254642, 0.6998530402893783, 0.7219228851919353, 0.6108082686319525, 0.656301303634407, 0.6648413779712821, 0.6636549870837274]]
