combined_dataset_mae=[[0.09713079983416913, 0.0990016855942518, 0.10061924677308969, 0.09781589081127696, 0.10123712879916538, 0.09705403639767873, 0.10665186911690158, 0.10083664660887905, 0.09751424088170645, 0.10143881066684908], [0.09710011529275674, 0.09863410213163842, 0.100967689908743, 0.09862961209643577, 0.10233259193603188, 0.09723577346359777, 0.10791706971721624, 0.10208964821160033, 0.09846283314690694, 0.10106746299672742], [0.09932986786928474, 0.10036322858427559, 0.10251985248904803, 0.09892628955407831, 0.10428410067230465, 0.09594787403797476, 0.10864033237872865, 0.10332352966932008, 0.09997524681773474, 0.10219979625508292], [0.10472019165370318, 0.10446603946944749, 0.10451070650330499, 0.1027738348310247, 0.10792531162586068, 0.09885961888664803, 0.1119329040957232, 0.10688456434806536, 0.1024399173463541, 0.10567091839935616], [0.10494072971566154, 0.10547875155138217, 0.1074993669426255, 0.10566780921784986, 0.11083690534976866, 0.1018498117429483, 0.11445204087806621, 0.11026946732105952, 0.10369137169919364, 0.10757213324705595]]
combined_dataset_mse=[[0.02271657940528768, 0.021167975533775543, 0.02247635991701177, 0.01994813796258102, 0.021537083640579355, 0.02087836273681427, 0.02577850759689773, 0.022227817726949727, 0.020886132305844844, 0.021784149841337662], [0.022718741559141113, 0.02102490682982284, 0.02250028355440854, 0.019927101084441422, 0.02176926394012115, 0.020925722979824365, 0.026016525311514736, 0.022383170429618952, 0.021176759586742196, 0.02171237126110202], [0.022923376797692248, 0.021374798199666523, 0.022822876735261316, 0.020021522609550122, 0.0222173684849429, 0.02045142954201062, 0.02605377884445633, 0.022683065995456376, 0.021404554222334886, 0.021952560745983528], [0.02475638089018988, 0.02292240927934431, 0.02380502824338928, 0.0213016848579779, 0.023961098143272054, 0.021559396869407044, 0.027701170016533844, 0.024042907668753565, 0.02244613105226809, 0.023530674723310975], [0.024914191425371754, 0.023140510117438295, 0.024747929214929285, 0.022422135845515372, 0.02485106371226314, 0.022745077261333922, 0.02897883026137863, 0.02570846311956942, 0.023053044580036923, 0.025092833264804514]]
combined_dataset_r2=[[0.3752725521410316, 0.35517688052431506, 0.32830195085105274, 0.31071855887301547, 0.3219225760559117, 0.34139373111456284, 0.3497563417435672, 0.3622779291857575, 0.3399625820933674, 0.3345739342534203], [0.3752130908623489, 0.3595350681003979, 0.32758700142742314, 0.3114454602864746, 0.31461256964876605, 0.3398997560679762, 0.34375252213140994, 0.35782081834969504, 0.33077826413311795, 0.336766507229596], [0.3695854279980928, 0.3488766069631847, 0.3179464185640227, 0.30818284975999755, 0.3005043653774194, 0.35486130431642005, 0.34281282950367087, 0.34921673388116115, 0.32357956497293383, 0.32942959736060906], [0.3191760794693903, 0.3017329676226791, 0.28859516887706027, 0.2639485417194244, 0.24560446646320733, 0.3199105643210447, 0.30125861391207687, 0.3102025104190367, 0.29066395995265437, 0.2812239899404846], [0.31483614029410767, 0.2950891361161836, 0.26041690756328284, 0.22523284440217672, 0.21758463005028716, 0.28250837197189804, 0.2690305856410894, 0.2624172764298971, 0.2714844569266659, 0.23350576270143486]]
