selected_best_mae=[[0.10142523645344455, 0.10360651769814017, 0.10303848515577094, 0.09828742832902436, 0.10178222717381705, 0.10130958332070254, 0.11477519752126024, 0.10477476585567973, 0.10043649876438644, 0.10516088621843257], [0.1017589111653369, 0.10427074083590869, 0.10307373966198582, 0.09988764611162304, 0.10257899326929332, 0.10137099217211097, 0.11629779831157211, 0.10637788775612379, 0.10061713720923778, 0.10445291883903422], [0.1044278752837762, 0.10625139982531963, 0.10463784545890116, 0.10451078175120934, 0.10748001835269232, 0.10316816058042394, 0.11917379518678282, 0.1077266555385755, 0.10227222181539392, 0.10846080003125107], [0.10538506609081634, 0.10861525732346772, 0.1079116812337992, 0.10453175285591369, 0.10923375147078565, 0.1041312549315068, 0.11842717539629034, 0.10837624281840662, 0.10133944358315182, 0.10829944994409747], [0.10393820266539591, 0.10643200616142456, 0.10496980268472407, 0.10185158498787013, 0.1066902428152248, 0.10248144325813222, 0.11667468772581788, 0.10652137469029452, 0.10193166645458658, 0.10552209134552612]]
selected_best_mse=[[0.03633743607779666, 0.03218291207455595, 0.033610055950580774, 0.028307817492107205, 0.03132763686013742, 0.03063207029477569, 0.04116965428897933, 0.03544629343397673, 0.03013002191806128, 0.03174373412125277], [0.03631976884373057, 0.031937990161352854, 0.03356143908767946, 0.028447709336032013, 0.031642144455628934, 0.0308965797565669, 0.04194197053970635, 0.035326400934206824, 0.030305790669297936, 0.03187087553800672], [0.03669245171659205, 0.032877466800004605, 0.03366946530472828, 0.029483486701000292, 0.03260140968715373, 0.03074569101219942, 0.04128377414228301, 0.0358720388483049, 0.030772606735022096, 0.03291604536274683], [0.036970330654888243, 0.0342061846075466, 0.03429089874626724, 0.029982750709230014, 0.033122726354140326, 0.030870373023935475, 0.04249935066609248, 0.035945284211982294, 0.031151233948471926, 0.03268955072831087], [0.03647582991631027, 0.032724101189636555, 0.03347518461929723, 0.02924417131189123, 0.032420135446542424, 0.0304695213015331, 0.04201926905951342, 0.03548386562135028, 0.03074162916664402, 0.03210671808535785]]
selected_best_r2=[[0.0006860937286948809, 0.01963767273754702, -0.004424608662056073, 0.021860923925817954, 0.013675033496484246, 0.033713812745214566, -0.03847387260076229, -0.016963695180838068, 0.04783989792585064, 0.030345078313433915], [0.0011719593976374787, 0.027098533217453702, -0.0029717109469844516, 0.017027146860345677, 0.0037730196620801015, 0.02536988310325916, -0.057954974922763025, -0.01352394710625937, 0.042285305480678326, 0.026461373263651056], [-0.00907717256319418, -0.0015199927177897976, -0.006200036152513633, -0.018762765769658518, -0.026428659819068168, 0.030129656376545855, -0.0413524609213991, -0.029178445661531605, 0.02753312129712404, -0.00546474042815337], [-0.016719106537423256, -0.041995661266963635, -0.024771354279596425, -0.03601417117606531, -0.042841887742989915, 0.026196572370786098, -0.07201447355969592, -0.031279874851553036, 0.015567855317999868, 0.0014538418715071], [-0.0031198678992203632, 0.003151861288278268, -0.00039402673314214987, -0.01049354001042313, -0.020721388948394814, 0.038841407628975144, -0.05990477252482451, -0.01804165134510094, 0.028512065313463952, 0.019257246430034236]]
