model_average_mae=[[0.09704211796857584, 0.09849257655598287, 0.10060165235577928, 0.09788803684066402, 0.10126037167264768, 0.0967596411478419, 0.10680005278218668, 0.10067482216223939, 0.09737323900030793, 0.1014809779227639], [0.0972044768786458, 0.09841614347552237, 0.10130045025922185, 0.09880041137753247, 0.10288851499942721, 0.09713381093767888, 0.10833856150632229, 0.1013443762026898, 0.09865422050430582, 0.10095471619330264], [0.10165774811649059, 0.1017138194922543, 0.1052399442878271, 0.10237993698532247, 0.10498909292852554, 0.09917114789659483, 0.11205181549010564, 0.10444234448978702, 0.10105787885966891, 0.10674841109226893], [0.10076513992498877, 0.10309576607432186, 0.10474864037264008, 0.1006762473126275, 0.10671502308226766, 0.09979355628584949, 0.10989448542547807, 0.10430492423708203, 0.10263771942707935, 0.10508225677496211], [0.09911027603366883, 0.10164072738120339, 0.10183515909516781, 0.0993490619607537, 0.10410879618882547, 0.09713204877195211, 0.10803650800890305, 0.10194752657200008, 0.10064816820131474, 0.10244442320328605]]
model_average_mse=[[0.02268272731383542, 0.021001371014922204, 0.022494789811835624, 0.01991582277632492, 0.02152621772164294, 0.020726359020626094, 0.0257862310957571, 0.022084841640464228, 0.020829108038269626, 0.021755477573247094], [0.022676630531141995, 0.02087065802960464, 0.02251002945802575, 0.0198824048095739, 0.02178334496201685, 0.020744792083297898, 0.02604124473430479, 0.022065586598506236, 0.021208660170012553, 0.02153727879058141], [0.023061037500063098, 0.021641733909439038, 0.02305961209350715, 0.020197429046168554, 0.022472241394716718, 0.020685401176484094, 0.026548850074611226, 0.022580971374252107, 0.021625798731235647, 0.022769260354081056], [0.02295466314425021, 0.02224168318078151, 0.022957862600021233, 0.020284042451795454, 0.022688688971698227, 0.02081044349316437, 0.026431629824027074, 0.022329699013916803, 0.02199318597626783, 0.02283422414088098], [0.022528067657607724, 0.02147681370609051, 0.022162908583533706, 0.02002070153531412, 0.022125988922565357, 0.020389578910827082, 0.025891224901971703, 0.021935205882553602, 0.02134679713517736, 0.022192974761246476]]
model_average_r2=[[0.3762035167163028, 0.36025202081793173, 0.32775117997690273, 0.3118351672599574, 0.32226468060656255, 0.3461886760840214, 0.3495615222361158, 0.36637995157367287, 0.3417646462466156, 0.33544976712688557], [0.376371184014458, 0.36423382601295207, 0.327295748552356, 0.3129898807637884, 0.31416924021694137, 0.34560720660849575, 0.3431289930987623, 0.36693238390787253, 0.3297701512712844, 0.3421149415108956], [0.3657996283084355, 0.34074515779364445, 0.31087166629606544, 0.302104636226318, 0.2924799007388118, 0.3474806879746084, 0.33032502637606975, 0.35214585603130566, 0.3165878609923929, 0.30448241277588617], [0.3687250238373574, 0.3224693826701829, 0.3139124138427647, 0.2991118249091207, 0.28566522620497536, 0.3435362381784386, 0.3332818199094063, 0.35935492765227406, 0.30497779719350493, 0.30249800680268446], [0.3804568037362396, 0.3457689901302833, 0.33766933284607925, 0.30821122089086317, 0.30338137599279147, 0.35681237748942185, 0.34691313165762216, 0.3706730417265097, 0.3254047874753593, 0.322085828910064]]
