our_method_mae=[[0.08862282551008656, 0.09205313974437195, 0.09073155491053839, 0.09044950217754473, 0.08999903510718579, 0.0921505597174794, 0.09697359666629869, 0.08832405500187171, 0.09109152025622125, 0.09379671289892162], [0.08816447597874805, 0.0922458847201788, 0.09057806439323297, 0.09032153446804278, 0.0894808878064025, 0.09196075301706667, 0.09605302820893584, 0.08786854081335574, 0.090640044677491, 0.09255691697524798], [0.08705124944558076, 0.09177875100329051, 0.08969573065530141, 0.09052125458055467, 0.08959477423245323, 0.09022784500620065, 0.09622143139923976, 0.08614958711094865, 0.09015917730563576, 0.09179793322797863], [0.08694601304383508, 0.09165336226082482, 0.08865581787325989, 0.08998378194048103, 0.0906611144340201, 0.08986126893020804, 0.09557258181139645, 0.08585787188407178, 0.08918447882539889, 0.090651880078215], [0.08695411418941358, 0.09165817804538928, 0.08865606635422663, 0.08998799084244602, 0.09067305163596122, 0.08985990159019977, 0.09557773109709826, 0.08585861315084804, 0.0891817240133414, 0.09065094012001543]]
our_method_mse=[[0.01685441424319281, 0.01748988513027213, 0.01650102702971709, 0.015791359572343986, 0.01579902882046372, 0.01683885233961737, 0.019975524769742823, 0.01558009862265298, 0.0166147649474145, 0.01710419387825864], [0.016701245632840547, 0.01736326471526501, 0.016403772142775445, 0.01568901251546499, 0.01566388050929138, 0.016729489439031298, 0.019840258639983593, 0.015499276197908609, 0.016541802285447448, 0.01687781351184435], [0.016258294731482718, 0.01720201564398495, 0.01612734432568215, 0.01567466632067685, 0.015757524891089104, 0.016125495308643777, 0.019804977439546755, 0.015110732038099435, 0.016470749629852267, 0.016821387931666317], [0.016113021032448237, 0.017218622375291856, 0.015850675723755637, 0.015589009553318964, 0.015948931118039994, 0.016247866177766097, 0.01990726997793223, 0.015052029011962887, 0.016227237764830964, 0.016855837493651514], [0.016114503136833214, 0.017220142853837873, 0.0158504652298073, 0.015590094878150704, 0.01595141989276142, 0.016247596474154455, 0.01990974937660202, 0.015052036337376094, 0.01622700916266278, 0.01685823100679735]]
our_method_r2=[[0.5364876459852583, 0.46721960864993795, 0.5068726561712491, 0.4543505211465195, 0.5025805284419527, 0.46881976084488686, 0.49613226238773045, 0.553002778807119, 0.4749450786564139, 0.47752946417129993], [0.5406999278314946, 0.4710767451467145, 0.5097790839945311, 0.45788698790812854, 0.5068355622348042, 0.4722696047247653, 0.49954424978545764, 0.5553215959177038, 0.47725082326738966, 0.48444455600102443], [0.5528814971247875, 0.4759887467214262, 0.5180400313257552, 0.45838270163523465, 0.5038872456365162, 0.4913225508612844, 0.5004341917944547, 0.5664690323975281, 0.47949620841805873, 0.4861681510046765], [0.5568766614327431, 0.4754828691391073, 0.5263081744263712, 0.4613424575862649, 0.4978609774813806, 0.4874623716629026, 0.49785393868546124, 0.5681532380109957, 0.4871915988457689, 0.4851158429428304], [0.5568359021584981, 0.4754365520164532, 0.5263144649634057, 0.46130495562665774, 0.4977826204493866, 0.48747087944158274, 0.49779139770029124, 0.56815302784292, 0.4871988230643368, 0.4850427298744966]]
