weighted_average_mae=[[0.0962687095557178, 0.09779075845656551, 0.1003448221736882, 0.09704559460180223, 0.10095511384602487, 0.09684585005681293, 0.10633556337730476, 0.10088489572455517, 0.09759094036507716, 0.10083338815638214], [0.09617282166298455, 0.09893938818293853, 0.100834224639956, 0.09730019534016585, 0.10170578828170472, 0.09646947639988666, 0.10659235158409565, 0.10206396239918882, 0.09801398644213023, 0.10029937960027376], [0.09731477065093173, 0.10001554229242961, 0.10147120456393705, 0.09802402849061509, 0.10283617594956122, 0.0947870178994922, 0.10782568327151103, 0.10256910936135356, 0.0988966676040943, 0.10175362732963154], [0.10024661793518189, 0.10128215909760402, 0.10214919499158344, 0.09962657573314282, 0.10434409140552317, 0.09571481929153813, 0.10829833713634662, 0.10276545122554213, 0.09946177866567263, 0.10267345170717226], [0.10027124318932273, 0.10130038031907188, 0.10216096387508344, 0.09963949734570168, 0.10435904936729244, 0.09571961896444602, 0.1083089264918877, 0.1027772644155129, 0.09946793116836634, 0.10268519873575994]]
weighted_average_mse=[[0.02242828184085539, 0.020830723431829335, 0.02234144658521321, 0.019751104634057902, 0.021478919227437682, 0.020697807200367242, 0.025714525848739987, 0.022170417388858506, 0.020862578909503243, 0.021704188074933354], [0.02248491908395964, 0.02081061519706618, 0.02226829992644736, 0.019729308980812602, 0.021482350294376836, 0.020536325511467036, 0.025614668670054228, 0.022310869908373842, 0.020994183718781024, 0.021564798201671197], [0.022386166279056843, 0.02095406287814839, 0.022123087199935255, 0.019906703665632595, 0.02175354779835834, 0.019918673937616246, 0.025793884904575508, 0.02223059326525237, 0.020951572590604567, 0.021848444259431353], [0.022850145724691594, 0.0213709800799225, 0.02202732778294822, 0.020263806425538818, 0.022070636300433537, 0.020143903112568265, 0.026049893293755517, 0.02226617201946444, 0.02103508234503945, 0.022336887500652148], [0.02285466383764755, 0.021375497601479946, 0.022028827762953004, 0.020266974371129565, 0.02207337137304612, 0.020144157793510028, 0.02605365474951158, 0.02226875631365293, 0.02103690047085921, 0.022341383148270527]]
weighted_average_r2=[[0.38320100820118186, 0.3654503217459233, 0.33233378795047064, 0.3175267841263809, 0.32375383492487075, 0.3470893409516459, 0.3513702336970618, 0.3639247603287261, 0.34070690960583316, 0.33701647362337983], [0.38164343037632464, 0.36606286282933675, 0.334519749920122, 0.3182799040069134, 0.3236458105948219, 0.3521832678059943, 0.3538890566711119, 0.3598951397561315, 0.33654797308145357, 0.34127432420030446], [0.3843592260370692, 0.36169313077586795, 0.3388593807798306, 0.3121502660311607, 0.3151073794892585, 0.3716670368952153, 0.3493684606080534, 0.36219829824511685, 0.33789455743722774, 0.3326099750448601], [0.3715993518606363, 0.34899291529318754, 0.3417211170136034, 0.2998110539482933, 0.3051241079267, 0.36456220073400925, 0.3429108396267372, 0.3611775342145749, 0.3352555067082523, 0.3176898213223909], [0.3714750994753737, 0.34885530164476264, 0.34167629064284344, 0.2997015897914733, 0.3050379964074993, 0.364554166844239, 0.34281595970624534, 0.36110339011902204, 0.33519805083016374, 0.31755249573798805]]
