gdsc_gcsi_combined_dataset_mae=[0.09484003778826945, 0.09767140969714343, 0.08506039525057353, 0.0931755151257722, 0.10028342953095382, 0.09118846947663048, 0.09441078522962083, 0.09400210262039443, 0.09945084200028907, 0.09116890580339185]
gdsc_gcsi_combined_dataset_mse=[0.017406741390865947, 0.01834837571192376, 0.013233509956858812, 0.015693652899495137, 0.01921487129362593, 0.014641663718830054, 0.016604738800896916, 0.01722383774648622, 0.018363668369222264, 0.01587362335549716]
gdsc_gcsi_combined_dataset_r2=[0.3136511771433944, 0.37934080627417865, 0.3114486206787199, 0.2952132278600116, 0.29830612487731645, 0.34734031092374074, 0.3175770804439313, 0.3531993083326399, 0.2436804496162256, 0.35728725763449265]
