gdsc_gcsi_model_average_mae=[0.092209541124946, 0.09606871307922037, 0.08317398911804198, 0.09198140972233819, 0.09864522292574421, 0.09013277253163407, 0.0919117472092784, 0.0923991421080598, 0.09797115045948279, 0.08883558530688375]
gdsc_gcsi_model_average_mse=[0.016346323273564382, 0.01764932623418281, 0.012694608798585187, 0.014822037724464315, 0.01855827983613349, 0.014106931549290287, 0.01601137133527503, 0.01673870119926924, 0.017542976952506978, 0.015301693361063245]
gdsc_gcsi_model_average_r2=[0.3554635250264774, 0.40298712200485143, 0.33948813076008133, 0.3343566223069454, 0.32228370958969266, 0.37117627234266504, 0.3419633452996844, 0.3714174696339486, 0.27748115603359025, 0.38044433317619075]
