gdsc_gcsi_our_method_mae=[0.08379067090907578, 0.08774115488303427, 0.07315509908219545, 0.07938220261034372, 0.0841795070559512, 0.07757656419547433, 0.08029584750207251, 0.08213002851588548, 0.08300374160788844, 0.07614101205676678]
gdsc_gcsi_our_method_mse=[0.01367407988953268, 0.014729417556875908, 0.00926182003192237, 0.01104433596788723, 0.013945016934150964, 0.010345549574783862, 0.01218347806786905, 0.013153511005143005, 0.01269511059016791, 0.01143933257180961]
gdsc_gcsi_our_method_r2=[0.4608302366833149, 0.5017570727549125, 0.5180992058195155, 0.5040095542391395, 0.4907520939564234, 0.5388418079758361, 0.49928241731972156, 0.5060508499206946, 0.47714366538439446, 0.536828823299962]
