gdsc_gcsi_selected_best_mae=[0.09883611823489111, 0.10644801153078064, 0.09179599356173125, 0.10183839633583208, 0.10763766471638982, 0.10143182297610948, 0.10110245678016436, 0.10192958131800833, 0.10628846801216367, 0.09382578395446861]
gdsc_gcsi_selected_best_mse=[0.020808451452577807, 0.023503797300675148, 0.017051817380515304, 0.020750259378475362, 0.02395036937254761, 0.020632898810229436, 0.022111822446980445, 0.02154995984721422, 0.023704611806810133, 0.019837807733931144]
gdsc_gcsi_selected_best_r2=[0.1795215520671839, 0.20495153842679348, 0.11277866449912588, 0.0681259218563679, 0.12537392320616292, 0.08027792600455319, 0.09124650427149539, 0.1907419740164732, 0.023710242241330226, 0.19677999624583964]
