gdsc_gcsi_weighted_average_mae=[0.09193469874658436, 0.09725365511643487, 0.08307289796145675, 0.09160408841054071, 0.09930539747370916, 0.08947884642419315, 0.09199301124362409, 0.09222812486656089, 0.09726206193302012, 0.08856467763559671]
gdsc_gcsi_weighted_average_mse=[0.016245801488349604, 0.017946837268988023, 0.012504601053732902, 0.014823186077639511, 0.01869806092964787, 0.013968037142691105, 0.015795629479201583, 0.016754304685502052, 0.017337191102263984, 0.015108860232932658]
gdsc_gcsi_weighted_average_r2=[0.35942710484905194, 0.3929233996413103, 0.34937440395791564, 0.3343050508765839, 0.31717914575066597, 0.37736756193695287, 0.35082992182687023, 0.37083151743001186, 0.2859565792770191, 0.3882520218068277]
