gdsc_gcsi_our_method_mae=[0.07262133709357295, 0.07633051523169637, 0.07621142770042977, 0.07510664960660585, 0.07542950594437224, 0.074979005365163, 0.07623284922239254, 0.07352724830365737, 0.07215283120518858, 0.07354593667141833]
gdsc_gcsi_our_method_mse=[0.009315383508693292, 0.010709910941537837, 0.01020120340320969, 0.009939440132625646, 0.010584240063307854, 0.010811161286985501, 0.010757726437573122, 0.010412445783883333, 0.009409249606994158, 0.009628522728264957]
gdsc_gcsi_our_method_r2=[0.604915255354907, 0.5893232754480735, 0.5473360271723577, 0.6002406629351313, 0.5830739374734062, 0.5700296251739903, 0.5813198760166076, 0.5580010734220853, 0.5990486179205077, 0.6089912190055702]
