gdsc_gcsi_our_method_mae=[0.07551328440870042, 0.07555979347359953, 0.07291226646880178, 0.07783726595656636, 0.07520761653020451, 0.07441034359729636, 0.07465773380659553, 0.07141927877197254, 0.074463966717382, 0.0737674855196596]
gdsc_gcsi_our_method_mse=[0.010584324375210317, 0.01032213279138346, 0.009182747472199874, 0.0110121357902185, 0.010964760981674374, 0.010230055978491878, 0.010618216320401934, 0.009163348521337643, 0.010326852593471342, 0.010323534341503323]
gdsc_gcsi_our_method_r2=[0.5166861609393415, 0.5217365071674943, 0.5219589012481041, 0.47333594494236575, 0.4852392216783763, 0.49459498529709167, 0.49916083297706737, 0.529686853155851, 0.5258058506328811, 0.5118046843500371]
