gdsc_gcsi_our_method_mae=[0.07703376428024315, 0.07456921206446722, 0.0718666273549015, 0.07306168555408656, 0.07486877608733254, 0.0750139403784584, 0.07381214959937336, 0.07187295195900177, 0.07238595232296163, 0.07265098815987373]
gdsc_gcsi_our_method_mse=[0.011203248243064979, 0.010187600959357113, 0.008840134603211135, 0.00970789499714738, 0.010283412939622075, 0.010276102068232108, 0.010378293241462215, 0.009481765851849107, 0.009727832421502757, 0.00982017525388916]
gdsc_gcsi_our_method_r2=[0.5070103572754673, 0.5095272983863379, 0.5263463103398354, 0.46479614408942105, 0.4939500856388134, 0.48351584315057716, 0.5118614416834124, 0.5176377334581577, 0.525410931295277, 0.5167239389608278]
