gdsc_gcsi_our_method_mae=[0.0751233411252866, 0.07446695524854571, 0.0765738256072814, 0.07719294941355992, 0.07496323915096385, 0.07488962015202075, 0.07650834783346495, 0.0755716117091688, 0.07359132887307808, 0.07473419192672925]
gdsc_gcsi_our_method_mse=[0.010225248655671797, 0.010089485623874773, 0.01102774352002529, 0.010532430766973608, 0.010507523277978686, 0.010498104109683697, 0.011055663228616685, 0.010434961871396153, 0.010163316857024473, 0.009953321895538776]
gdsc_gcsi_our_method_r2=[0.5963524121331902, 0.5747705998595485, 0.5864701916050816, 0.5840580518147005, 0.5999666766633446, 0.5826775797930925, 0.5699209596368431, 0.6058669737859891, 0.5736276341859953, 0.6091603646528689]
