gdsc_gcsi_our_method_mae=[0.07422984312659701, 0.07781167184036335, 0.07344452352241902, 0.07569255758520366, 0.07282042899428959, 0.07577278617354004, 0.07418072520647431, 0.07448581294071474, 0.07436118095289632, 0.07353982494341302]
gdsc_gcsi_our_method_mse=[0.009975865853345822, 0.01093314535507388, 0.009913714895806908, 0.010483223491422018, 0.00941187060451188, 0.010449152389208743, 0.010349344378269445, 0.009889692605910971, 0.010148433406167483, 0.00944608217027728]
gdsc_gcsi_our_method_r2=[0.6052695874919043, 0.5885104232652347, 0.5965594611690741, 0.5862359619600956, 0.607140988703164, 0.5892530794158584, 0.5739426965991115, 0.6145039767698681, 0.5682773914355304, 0.6223147144502215]
