gdsc_gcsi_our_method_mae=[0.07974225419892197, 0.07993405404317593, 0.07828956214684119, 0.0804974433704039, 0.07783935963349399, 0.07693932761605733, 0.07761594034673773, 0.07538750482420185, 0.07750256460782112, 0.07733825361366954]
gdsc_gcsi_our_method_mse=[0.010971188394163299, 0.012178622166483919, 0.011044343666035494, 0.0119589002516383, 0.010999854671818382, 0.010417473477739017, 0.010961484880954948, 0.010183246913416807, 0.011490553516262257, 0.011313946884715334]
gdsc_gcsi_our_method_r2=[0.4838535301405863, 0.505076447051942, 0.533366939197327, 0.4861250668591105, 0.5182528019312314, 0.5283689246015033, 0.5107883749595754, 0.5312608761337776, 0.5293417819602566, 0.5307125123014935]
