our_method_mae=[[0.08724007390984982, 0.0909023726079502, 0.07498869908172742, 0.08148623927905667, 0.08614274335310587, 0.08037729812974871, 0.08232749258950034, 0.08402405024103918, 0.08530047117594006, 0.07867940855674523], [0.08696908432603723, 0.08896294744273522, 0.07384511399553999, 0.08057387946221857, 0.08589908306825336, 0.07969814235406661, 0.08127258835166735, 0.08309847612871676, 0.08524558266504982, 0.07780694619725724], [0.08552829240810973, 0.08824968682016218, 0.0740669577802701, 0.07980996546813228, 0.08527811025952504, 0.07871315194618018, 0.08104808775993749, 0.08245884093949636, 0.08352937747784461, 0.07703001256897705], [0.08378913854768508, 0.08773431120962191, 0.07315385385251476, 0.07937459814144159, 0.08418119624194752, 0.07757491341016007, 0.08029174736866188, 0.08212913650173317, 0.0829869889575749, 0.07614469938997567], [0.08379067090907578, 0.08774115488303423, 0.07315509908219545, 0.07938220261034375, 0.0841795070559512, 0.07757656419547433, 0.0802958475020725, 0.08213002851588548, 0.08300374160788844, 0.07614101205676604]]
our_method_mse=[[0.014337778042569464, 0.015630391081193584, 0.009681620106865517, 0.01136209152806738, 0.014544024868621665, 0.01104530067147477, 0.012772068870029869, 0.013734876174344967, 0.013214333689402091, 0.012107931074780993], [0.014144471523430933, 0.015141832012345618, 0.009381191367703639, 0.01122858977359091, 0.014438619533905633, 0.010823125311309661, 0.012447931369132349, 0.013541781335699854, 0.013056367265499939, 0.011952647229085943], [0.01398381416166778, 0.014915802571829924, 0.00937492479744426, 0.011171903226181576, 0.014096789961587971, 0.010581131214949453, 0.012402407191567467, 0.013334745122098306, 0.012752302809090666, 0.011716708728669381], [0.01367353404886921, 0.014728473798144645, 0.009260544117410518, 0.01104304525951447, 0.013944245952982994, 0.010345062942235462, 0.012182884739244037, 0.013152894015290547, 0.012699043847986072, 0.011439533059972862], [0.013674079889532677, 0.014729417556875903, 0.009261820031922366, 0.01104433596788723, 0.013945016934150957, 0.010345549574783864, 0.01218347806786905, 0.013153511005143009, 0.012695110590168014, 0.011439332571809532]]
our_method_r2=[[0.43466058000605, 0.4712803967836481, 0.4962566318097784, 0.4897394593782989, 0.46887735993687196, 0.5076500430256743, 0.47509246417136264, 0.48421904918697867, 0.45575912646406447, 0.5097577023742285], [0.44228266726994525, 0.4878065832166827, 0.5118882082707498, 0.49573489404319593, 0.4727265805038623, 0.5175536239486046, 0.48841389381578104, 0.49147027141929067, 0.4622650757275377, 0.5160450448464917], [0.44861739636445863, 0.49545234175745656, 0.5122142635357382, 0.49828063205768147, 0.48520960542584957, 0.5283406352283149, 0.4902848502058049, 0.49924502917819913, 0.4747881668842361, 0.5255980421197841], [0.46085175921234145, 0.5017889966997028, 0.5181655927946941, 0.5040675187037315, 0.4907802488555707, 0.5388634998719097, 0.4993068019883028, 0.5060740195225681, 0.476981671619055, 0.5368207056639106], [0.46083023668331513, 0.5017570727549128, 0.5180992058195157, 0.5040095542391395, 0.4907520939564236, 0.5388418079758361, 0.49928241731972156, 0.5060508499206944, 0.47714366538439024, 0.5368288232999651]]
